time: 0.007288932800292969, average: 7.28893280029297e-05
p0 = {1,1,0,1,1,0,0,1,0,0,0}
p1 = {1,1,0,1,0,0,1,1,0,0,0}
p2 = {1,1,0,1,1,0,0,1,0,0,0}
p3 = {1,0,1,1,1,1,0,0,0,0,0}
p4 = {1,1,0,1,0,1,0,1,0,0,0}
p5 = {1,1,0,1,0,0,1,0,1,0,0}
p6 = {1,1,1,0,0,0,1,0,1,0,0}
p7 = {1,0,1,1,1,0,0,1,0,0,0}
p8 = {1,1,0,1,1,1,0,0,0,0,0}
p9 = {1,0,1,0,1,0,1,0,1,0,0}
p10 = {1,1,0,1,0,1,1,0,0,0,0}
p11 = {1,1,0,1,0,0,1,1,0,0,0}
p12 = {1,0,1,1,1,0,0,0,1,0,0}
p13 = {1,1,0,1,0,1,0,0,1,0,0}
p14 = {1,1,0,0,1,1,0,1,0,0,0}
p15 = {1,0,1,0,1,1,0,0,1,0,0}
p16 = {1,1,1,0,1,0,0,0,1,0,0}
p17 = {1,0,1,1,0,1,1,0,0,0,0}
p18 = {1,1,0,1,1,0,0,0,1,0,0}
p19 = {1,0,1,1,0,1,1,0,0,0,0}
p20 = {1,1,1,0,1,0,1,0,0,0,0}
p21 = {1,0,1,1,0,1,1,0,0,0,0}
p22 = {1,1,0,0,1,0,1,1,0,0,0}
p23 = {1,0,1,0,1,0,1,0,1,0,0}
p24 = {1,1,0,1,1,0,0,0,1,0,0}
p25 = {1,1,1,1,0,0,0,1,0,0,0}
p26 = {1,1,1,0,1,1,0,0,0,0,0}
p27 = {1,0,1,1,0,1,0,0,1,0,0}
p28 = {1,0,1,0,1,0,1,1,0,0,0}
p29 = {1,1,0,1,0,1,0,0,1,0,0}
p30 = {1,1,0,1,0,1,0,1,0,0,0}
p31 = {1,0,1,1,0,1,0,1,0,0,0}
p32 = {1,1,0,1,0,1,0,1,0,0,0}
p33 = {1,1,0,1,0,0,1,1,0,0,0}
p34 = {1,1,1,1,0,0,0,1,0,0,0}
p35 = {1,1,1,1,0,0,0,1,0,0,0}
p36 = {1,1,0,0,1,1,0,0,1,0,0}
p37 = {1,1,0,1,1,0,0,1,0,0,0}
p38 = {1,1,1,0,0,1,0,1,0,0,0}
p39 = {1,0,1,1,1,1,0,0,0,0,0}
p40 = {1,1,0,1,0,1,0,1,0,0,0}
p41 = {1,0,1,1,0,1,0,1,0,0,0}
p42 = {1,1,0,1,0,0,1,1,0,0,0}
p43 = {1,0,1,1,1,1,0,0,0,0,0}
p44 = {1,0,1,1,1,0,0,1,0,0,0}
p45 = {1,1,1,1,0,0,1,0,0,0,0}
p46 = {1,1,0,1,1,1,0,0,0,0,0}
p47 = {1,1,1,0,0,0,1,1,0,0,0}
p48 = {1,0,1,1,0,1,0,0,1,0,0}
p49 = {1,1,1,1,0,0,1,0,0,0,0}
p50 = {1,0,1,1,1,0,0,0,1,0,0}
p51 = {1,1,1,0,1,0,1,0,0,0,0}
p52 = {1,0,1,1,1,0,1,0,0,0,0}
p53 = {1,1,1,0,1,0,0,1,0,0,0}
p54 = {1,1,0,0,1,0,1,0,1,0,0}
p55 = {1,0,1,0,1,1,1,0,0,0,0}
p56 = {1,1,0,1,0,1,1,0,0,0,0}
p57 = {1,1,1,0,0,0,1,1,0,0,0}
p58 = {1,0,1,0,1,0,1,1,0,0,0}
p59 = {1,1,1,0,0,1,1,0,0,0,0}
p60 = {1,1,1,1,0,0,0,1,0,0,0}
p61 = {1,1,1,0,0,0,1,0,1,0,0}
p62 = {1,0,1,1,0,1,0,1,0,0,0}
p63 = {1,1,0,0,1,1,0,1,0,0,0}
p64 = {1,0,1,1,1,0,0,1,0,0,0}
p65 = {1,1,1,1,0,0,1,0,0,0,0}
p66 = {1,1,0,1,1,0,0,1,0,0,0}
p67 = {1,1,1,1,0,0,0,0,1,0,0}
p68 = {1,1,0,0,1,0,1,1,0,0,0}
p69 = {1,1,1,1,0,0,1,0,0,0,0}
p70 = {1,1,0,1,0,1,0,1,0,0,0}
p71 = {1,0,1,1,1,1,0,0,0,0,0}
p72 = {1,1,1,0,0,1,0,0,1,0,0}
p73 = {1,1,1,1,0,0,0,1,0,0,0}
p74 = {1,1,0,1,0,0,1,0,1,0,0}
p75 = {1,1,0,1,1,0,0,0,1,0,0}
p76 = {1,1,0,1,0,0,1,0,1,0,0}
p77 = {1,0,1,0,1,0,1,0,1,0,0}
p78 = {1,1,0,1,0,0,1,1,0,0,0}
p79 = {1,1,1,0,1,0,0,1,0,0,0}
p80 = {1,1,1,0,0,1,1,0,0,0,0}
p81 = {1,0,1,0,1,1,0,1,0,0,0}
p82 = {1,1,0,1,1,0,1,0,0,0,0}
p83 = {1,1,0,1,1,0,0,0,1,0,0}
p84 = {1,0,1,1,0,0,1,1,0,0,0}
p85 = {1,0,1,0,1,1,1,0,0,0,0}
p86 = {1,1,1,0,0,1,0,0,1,0,0}
p87 = {1,1,0,1,1,0,1,0,0,0,0}
p88 = {1,1,0,0,1,0,1,0,1,0,0}
p89 = {1,1,0,1,1,1,0,0,0,0,0}
p90 = {1,0,1,1,1,0,0,1,0,0,0}
p91 = {1,0,1,0,1,1,1,0,0,0,0}
p92 = {1,0,1,1,1,0,1,0,0,0,0}
p93 = {1,0,1,0,1,0,1,1,0,0,0}
p94 = {1,1,1,0,1,0,0,1,0,0,0}
p95 = {1,1,0,0,1,0,1,0,1,0,0}
p96 = {1,1,1,0,1,0,0,0,1,0,0}
p97 = {1,1,1,0,0,1,0,1,0,0,0}
p98 = {1,1,1,0,1,0,0,0,1,0,0}
p99 = {1,1,0,0,1,0,1,1,0,0,0}